data = [

2.418414256439389 -0.824929510008273;
2.4084142564393893 -0.824929510008273;
2.3984142564393895 -0.824929510008273;
2.3884142564393898 -0.824929510008273;
2.37841425643939 -0.824929510008273;
2.36841425643939 -0.824929510008273;
2.3584142564393904 -0.824929510008273;
2.3484142564393906 -0.824929510008273;
2.338414256439391 -0.824929510008273;
2.328414256439391 -0.824929510008273;
2.3184142564393913 -0.824929510008273;
2.3084142564393915 -0.824929510008273;
2.2984142564393917 -0.824929510008273;
2.288414256439392 -0.824929510008273;
2.278414256439392 -0.824929510008273;
2.2684142564393923 -0.824929510008273;
2.2584142564393925 -0.824929510008273;
2.2484142564393927 -0.824929510008273;
2.238414256439393 -0.824929510008273;
2.228414256439393 -0.824929510008273;
2.2184142564393934 -0.824929510008273;
2.2084142564393936 -0.824929510008273;
2.198414256439394 -0.824929510008273;
2.188414256439394 -0.824929510008273;
2.1784142564393942 -0.824929510008273;
2.1684142564393944 -0.824929510008273;
2.1584142564393947 -0.824929510008273;
2.148414256439395 -0.824929510008273;
2.138414256439395 -0.824929510008273;
2.1284142564393953 -0.824929510008273;
2.1184142564393955 -0.824929510008273;
2.1084142564393957 -0.824929510008273;
2.098414256439396 -0.824929510008273;
2.088414256439396 -0.824929510008273;
2.0784142564393964 -0.824929510008273;
2.0684142564393966 -0.824929510008273;
2.058414256439397 -0.824929510008273;
2.048414256439397 -0.824929510008273;
2.038414256439397 -0.824929510008273;
2.0284142564393974 -0.824929510008273;
2.0184142564393976 -0.824929510008273;
2.008414256439398 -0.824929510008273;
1.9984142564393979 -0.824929510008273;
1.9984142564393979 -0.824929510008273;
]